#N=10000 sum of ti-dists depending on pacement of r on and axis
dist-from-0 ti-dist-sum-3 ti-dist-sum-4 ti-dist-sum-5
0.0000e+000 3.2014e-010 3.2014e-010 3.2014e-010
1.0000e-001 1.7502e+008 1.5893e+008 1.4425e+008
2.0000e-001 3.6555e+008 3.2945e+008 2.9744e+008
3.0000e-001 5.6931e+008 5.0854e+008 4.5631e+008
4.0000e-001 7.8266e+008 6.9200e+008 6.1663e+008
5.0000e-001 1.0005e+009 8.7457e+008 7.7352e+008
6.0000e-001 1.2164e+009 1.0503e+009 9.2186e+008
7.0000e-001 1.4224e+009 1.2130e+009 1.0568e+009
8.0000e-001 1.6094e+009 1.3566e+009 1.1745e+009
9.0000e-001 1.7674e+009 1.4761e+009 1.2723e+009
1.0000e+000 1.8854e+009 1.5684e+009 1.3497e+009
1.1000e+000 1.9580e+009 1.6342e+009 1.4082e+009
1.2000e+000 1.9990e+009 1.6792e+009 1.4513e+009
1.3000e+000 2.0208e+009 1.7092e+009 1.4824e+009
1.4000e+000 2.0307e+009 1.7287e+009 1.5047e+009
1.5000e+000 2.0330e+009 1.7409e+009 1.5204e+009
1.6000e+000 2.0306e+009 1.7479e+009 1.5312e+009
1.7000e+000 2.0252e+009 1.7513e+009 1.5385e+009
1.8000e+000 2.0181e+009 1.7522e+009 1.5432e+009
1.9000e+000 2.0098e+009 1.7513e+009 1.5458e+009
2.0000e+000 2.0010e+009 1.7491e+009 1.5470e+009
2.1000e+000 1.9920e+009 1.7461e+009 1.5472e+009
2.2000e+000 1.9829e+009 1.7425e+009 1.5465e+009
2.3000e+000 1.9739e+009 1.7386e+009 1.5453e+009
2.4000e+000 1.9652e+009 1.7343e+009 1.5436e+009
2.5000e+000 1.9567e+009 1.7300e+009 1.5416e+009
2.6000e+000 1.9484e+009 1.7256e+009 1.5394e+009
2.7000e+000 1.9405e+009 1.7212e+009 1.5370e+009
2.8000e+000 1.9330e+009 1.7168e+009 1.5345e+009
2.9000e+000 1.9257e+009 1.7125e+009 1.5320e+009
3.0000e+000 1.9188e+009 1.7083e+009 1.5295e+009
3.1000e+000 1.9121e+009 1.7043e+009 1.5269e+009
3.2000e+000 1.9058e+009 1.7003e+009 1.5244e+009
3.3000e+000 1.8997e+009 1.6964e+009 1.5218e+009
3.4000e+000 1.8939e+009 1.6927e+009 1.5194e+009
3.5000e+000 1.8883e+009 1.6890e+009 1.5169e+009
3.6000e+000 1.8830e+009 1.6855e+009 1.5146e+009
3.7000e+000 1.8779e+009 1.6821e+009 1.5122e+009
3.8000e+000 1.8730e+009 1.6789e+009 1.5100e+009
3.9000e+000 1.8684e+009 1.6757e+009 1.5078e+009
4.0000e+000 1.8639e+009 1.6726e+009 1.5056e+009
4.1000e+000 1.8596e+009 1.6697e+009 1.5035e+009
4.2000e+000 1.8555e+009 1.6668e+009 1.5015e+009
4.3000e+000 1.8515e+009 1.6641e+009 1.4995e+009
4.4000e+000 1.8477e+009 1.6614e+009 1.4976e+009
4.5000e+000 1.8441e+009 1.6589e+009 1.4957e+009
4.6000e+000 1.8406e+009 1.6564e+009 1.4939e+009
4.7000e+000 1.8372e+009 1.6540e+009 1.4922e+009
4.8000e+000 1.8339e+009 1.6517e+009 1.4905e+009
4.9000e+000 1.8308e+009 1.6494e+009 1.4888e+009
5.0000e+000 1.8278e+009 1.6472e+009 1.4872e+009
5.1000e+000 1.8248e+009 1.6451e+009 1.4856e+009
5.2000e+000 1.8220e+009 1.6431e+009 1.4841e+009
5.3000e+000 1.8193e+009 1.6411e+009 1.4826e+009
5.4000e+000 1.8167e+009 1.6392e+009 1.4812e+009
5.5000e+000 1.8141e+009 1.6374e+009 1.4798e+009
5.6000e+000 1.8117e+009 1.6356e+009 1.4784e+009
5.7000e+000 1.8093e+009 1.6338e+009 1.4771e+009
5.8000e+000 1.8070e+009 1.6321e+009 1.4758e+009
5.9000e+000 1.8047e+009 1.6305e+009 1.4746e+009
6.0000e+000 1.8026e+009 1.6289e+009 1.4734e+009
6.1000e+000 1.8005e+009 1.6273e+009 1.4722e+009
6.2000e+000 1.7984e+009 1.6258e+009 1.4710e+009
6.3000e+000 1.7965e+009 1.6244e+009 1.4699e+009
6.4000e+000 1.7946e+009 1.6229e+009 1.4688e+009
6.5000e+000 1.7927e+009 1.6216e+009 1.4677e+009
6.6000e+000 1.7909e+009 1.6202e+009 1.4667e+009
6.7000e+000 1.7891e+009 1.6189e+009 1.4657e+009
6.8000e+000 1.7874e+009 1.6176e+009 1.4647e+009
6.9000e+000 1.7858e+009 1.6164e+009 1.4637e+009
7.0000e+000 1.7841e+009 1.6152e+009 1.4628e+009
7.1000e+000 1.7826e+009 1.6140e+009 1.4619e+009
7.2000e+000 1.7810e+009 1.6128e+009 1.4610e+009
7.3000e+000 1.7796e+009 1.6117e+009 1.4601e+009
7.4000e+000 1.7781e+009 1.6106e+009 1.4592e+009
7.5000e+000 1.7767e+009 1.6095e+009 1.4584e+009
7.6000e+000 1.7753e+009 1.6085e+009 1.4576e+009
7.7000e+000 1.7740e+009 1.6075e+009 1.4568e+009
7.8000e+000 1.7726e+009 1.6065e+009 1.4560e+009
7.9000e+000 1.7714e+009 1.6055e+009 1.4553e+009
8.0000e+000 1.7701e+009 1.6045e+009 1.4545e+009
8.1000e+000 1.7689e+009 1.6036e+009 1.4538e+009
1.1500e+001 1.7397e+009 1.5811e+009 1.4360e+009
1.1600e+001 1.7391e+009 1.5806e+009 1.4356e+009
1.1700e+001 1.7385e+009 1.5802e+009 1.4352e+009
1.1800e+001 1.7379e+009 1.5797e+009 1.4348e+009
1.1900e+001 1.7373e+009 1.5793e+009 1.4345e+009
1.2000e+001 1.7367e+009 1.5788e+009 1.4341e+009
1.2100e+001 1.7362e+009 1.5784e+009 1.4338e+009
1.2200e+001 1.7356e+009 1.5780e+009 1.4334e+009
1.2300e+001 1.7351e+009 1.5775e+009 1.4331e+009
1.2400e+001 1.7346e+009 1.5771e+009 1.4328e+009
1.2500e+001 1.7340e+009 1.5767e+009 1.4324e+009
1.2600e+001 1.7335e+009 1.5763e+009 1.4321e+009
1.2700e+001 1.7330e+009 1.5759e+009 1.4318e+009
1.2800e+001 1.7325e+009 1.5755e+009 1.4315e+009
1.2900e+001 1.7320e+009 1.5751e+009 1.4312e+009
1.3000e+001 1.7315e+009 1.5748e+009 1.4309e+009
1.3100e+001 1.7311e+009 1.5744e+009 1.4306e+009
1.3200e+001 1.7306e+009 1.5740e+009 1.4303e+009
1.3300e+001 1.7301e+009 1.5737e+009 1.4300e+009
1.3400e+001 1.7297e+009 1.5733e+009 1.4297e+009
1.3500e+001 1.7292e+009 1.5729e+009 1.4294e+009
1.3600e+001 1.7288e+009 1.5726e+009 1.4291e+009
1.3700e+001 1.7283e+009 1.5723e+009 1.4289e+009
1.3800e+001 1.7279e+009 1.5719e+009 1.4286e+009
1.3900e+001 1.7275e+009 1.5716e+009 1.4283e+009
1.4000e+001 1.7271e+009 1.5713e+009 1.4280e+009
1.4100e+001 1.7267e+009 1.5709e+009 1.4278e+009
1.4200e+001 1.7263e+009 1.5706e+009 1.4275e+009
1.4300e+001 1.7259e+009 1.5703e+009 1.4273e+009
1.4400e+001 1.7255e+009 1.5700e+009 1.4270e+009
1.4500e+001 1.7251e+009 1.5697e+009 1.4268e+009
1.4600e+001 1.7247e+009 1.5694e+009 1.4265e+009
1.4700e+001 1.7243e+009 1.5691e+009 1.4263e+009
1.4800e+001 1.7239e+009 1.5688e+009 1.4261e+009
1.4900e+001 1.7236e+009 1.5685e+009 1.4258e+009
1.5000e+001 1.7232e+009 1.5682e+009 1.4256e+009
1.5100e+001 1.7228e+009 1.5679e+009 1.4254e+009
1.5200e+001 1.7225e+009 1.5676e+009 1.4251e+009
1.5300e+001 1.7221e+009 1.5674e+009 1.4249e+009
1.5400e+001 1.7218e+009 1.5671e+009 1.4247e+009
1.5500e+001 1.7214e+009 1.5668e+009 1.4245e+009
1.5600e+001 1.7211e+009 1.5666e+009 1.4243e+009
1.5700e+001 1.7208e+009 1.5663e+009 1.4240e+009
1.5800e+001 1.7204e+009 1.5660e+009 1.4238e+009
1.5900e+001 1.7201e+009 1.5658e+009 1.4236e+009
1.6000e+001 1.7198e+009 1.5655e+009 1.4234e+009
1.6100e+001 1.7195e+009 1.5653e+009 1.4232e+009
1.6200e+001 1.7192e+009 1.5650e+009 1.4230e+009
1.6300e+001 1.7188e+009 1.5648e+009 1.4228e+009
1.6400e+001 1.7185e+009 1.5645e+009 1.4226e+009
1.6500e+001 1.7182e+009 1.5643e+009 1.4224e+009
1.6600e+001 1.7179e+009 1.5641e+009 1.4222e+009
1.6700e+001 1.7176e+009 1.5638e+009 1.4220e+009
1.6800e+001 1.7174e+009 1.5636e+009 1.4219e+009
1.6900e+001 1.7171e+009 1.5634e+009 1.4217e+009
1.7000e+001 1.7168e+009 1.5632e+009 1.4215e+009
1.7100e+001 1.7165e+009 1.5629e+009 1.4213e+009
1.7200e+001 1.7162e+009 1.5627e+009 1.4211e+009
1.7300e+001 1.7159e+009 1.5625e+009 1.4210e+009
1.7400e+001 1.7157e+009 1.5623e+009 1.4208e+009
1.7500e+001 1.7154e+009 1.5621e+009 1.4206e+009
1.7600e+001 1.7151e+009 1.5619e+009 1.4204e+009
1.7700e+001 1.7149e+009 1.5616e+009 1.4203e+009
1.7800e+001 1.7146e+009 1.5614e+009 1.4201e+009
1.7900e+001 1.7144e+009 1.5612e+009 1.4199e+009
1.8000e+001 1.7141e+009 1.5610e+009 1.4198e+009
1.8100e+001 1.7139e+009 1.5608e+009 1.4196e+009
1.8200e+001 1.7136e+009 1.5606e+009 1.4195e+009
1.8300e+001 1.7134e+009 1.5604e+009 1.4193e+009
1.8400e+001 1.7131e+009 1.5603e+009 1.4191e+009
1.8500e+001 1.7129e+009 1.5601e+009 1.4190e+009
1.8600e+001 1.7126e+009 1.5599e+009 1.4188e+009
1.8700e+001 1.7124e+009 1.5597e+009 1.4187e+009
1.8800e+001 1.7122e+009 1.5595e+009 1.4185e+009
1.8900e+001 1.7119e+009 1.5593e+009 1.4184e+009
1.9000e+001 1.7117e+009 1.5591e+009 1.4182e+009
1.9100e+001 1.7115e+009 1.5590e+009 1.4181e+009
1.9200e+001 1.7113e+009 1.5588e+009 1.4179e+009
1.9300e+001 1.7110e+009 1.5586e+009 1.4178e+009
1.9400e+001 1.7108e+009 1.5584e+009 1.4177e+009
1.9500e+001 1.7106e+009 1.5583e+009 1.4175e+009
1.9600e+001 1.7104e+009 1.5581e+009 1.4174e+009
1.9700e+001 1.7102e+009 1.5579e+009 1.4172e+009
1.9800e+001 1.7100e+009 1.5578e+009 1.4171e+009
1.9900e+001 1.7098e+009 1.5576e+009 1.4170e+009
2.0000e+001 1.7095e+009 1.5574e+009 1.4168e+009
2.0100e+001 1.7093e+009 1.5573e+009 1.4167e+009
2.0200e+001 1.7091e+009 1.5571e+009 1.4166e+009
2.0300e+001 1.7089e+009 1.5569e+009 1.4164e+009
2.0400e+001 1.7087e+009 1.5568e+009 1.4163e+009
2.0500e+001 1.7085e+009 1.5566e+009 1.4162e+009
2.0600e+001 1.7083e+009 1.5565e+009 1.4161e+009
2.0700e+001 1.7082e+009 1.5563e+009 1.4159e+009
2.0800e+001 1.7080e+009 1.5562e+009 1.4158e+009
2.0900e+001 1.7078e+009 1.5560e+009 1.4157e+009
2.1000e+001 1.7076e+009 1.5559e+009 1.4156e+009
2.1100e+001 1.7074e+009 1.5557e+009 1.4155e+009
2.1200e+001 1.7072e+009 1.5556e+009 1.4153e+009
2.1300e+001 1.7070e+009 1.5554e+009 1.4152e+009
2.1400e+001 1.7069e+009 1.5553e+009 1.4151e+009
2.1500e+001 1.7067e+009 1.5551e+009 1.4150e+009
2.1600e+001 1.7065e+009 1.5550e+009 1.4149e+009
2.1700e+001 1.7063e+009 1.5549e+009 1.4148e+009
2.1800e+001 1.7062e+009 1.5547e+009 1.4146e+009
2.1900e+001 1.7060e+009 1.5546e+009 1.4145e+009
2.2000e+001 1.7058e+009 1.5545e+009 1.4144e+009
2.2100e+001 1.7056e+009 1.5543e+009 1.4143e+009
2.2200e+001 1.7055e+009 1.5542e+009 1.4142e+009
2.2300e+001 1.7053e+009 1.5541e+009 1.4141e+009
2.2400e+001 1.7051e+009 1.5539e+009 1.4140e+009
2.2500e+001 1.7050e+009 1.5538e+009 1.4139e+009
2.2600e+001 1.7048e+009 1.5537e+009 1.4138e+009
2.2700e+001 1.7047e+009 1.5535e+009 1.4137e+009
2.2800e+001 1.7045e+009 1.5534e+009 1.4136e+009
2.2900e+001 1.7043e+009 1.5533e+009 1.4135e+009
2.3000e+001 1.7042e+009 1.5532e+009 1.4134e+009
2.3100e+001 1.7040e+009 1.5530e+009 1.4133e+009
2.3200e+001 1.7039e+009 1.5529e+009 1.4132e+009
2.3300e+001 1.7037e+009 1.5528e+009 1.4131e+009
2.3400e+001 1.7036e+009 1.5527e+009 1.4130e+009
2.3500e+001 1.7034e+009 1.5526e+009 1.4129e+009
2.3600e+001 1.7033e+009 1.5524e+009 1.4128e+009
2.3700e+001 1.7031e+009 1.5523e+009 1.4127e+009
2.3800e+001 1.7030e+009 1.5522e+009 1.4126e+009
2.3900e+001 1.7028e+009 1.5521e+009 1.4125e+009
2.4000e+001 1.7027e+009 1.5520e+009 1.4124e+009
2.4100e+001 1.7025e+009 1.5519e+009 1.4123e+009
2.4200e+001 1.7024e+009 1.5517e+009 1.4122e+009
2.4300e+001 1.7023e+009 1.5516e+009 1.4121e+009
2.4400e+001 1.7021e+009 1.5515e+009 1.4120e+009
2.4500e+001 1.7020e+009 1.5514e+009 1.4119e+009
2.4600e+001 1.7019e+009 1.5513e+009 1.4119e+009
2.4700e+001 1.7017e+009 1.5512e+009 1.4118e+009
2.4800e+001 1.7016e+009 1.5511e+009 1.4117e+009
2.4900e+001 1.7014e+009 1.5510e+009 1.4116e+009
2.5000e+001 1.7013e+009 1.5509e+009 1.4115e+009
2.5100e+001 1.7012e+009 1.5508e+009 1.4114e+009
2.5200e+001 1.7011e+009 1.5507e+009 1.4113e+009
2.5300e+001 1.7009e+009 1.5506e+009 1.4112e+009
2.5400e+001 1.7008e+009 1.5505e+009 1.4112e+009
2.5500e+001 1.7007e+009 1.5504e+009 1.4111e+009
2.5600e+001 1.7005e+009 1.5503e+009 1.4110e+009
2.5700e+001 1.7004e+009 1.5502e+009 1.4109e+009
2.5800e+001 1.7003e+009 1.5501e+009 1.4108e+009
2.5900e+001 1.7002e+009 1.5500e+009 1.4108e+009
2.6000e+001 1.7000e+009 1.5499e+009 1.4107e+009
2.6100e+001 1.6999e+009 1.5498e+009 1.4106e+009
2.6200e+001 1.6998e+009 1.5497e+009 1.4105e+009
2.6300e+001 1.6997e+009 1.5496e+009 1.4104e+009
2.6400e+001 1.6996e+009 1.5495e+009 1.4104e+009
2.6500e+001 1.6994e+009 1.5494e+009 1.4103e+009
2.6600e+001 1.6993e+009 1.5493e+009 1.4102e+009
2.6700e+001 1.6992e+009 1.5492e+009 1.4101e+009
2.6800e+001 1.6991e+009 1.5491e+009 1.4101e+009
2.6900e+001 1.6990e+009 1.5490e+009 1.4100e+009
2.7000e+001 1.6989e+009 1.5489e+009 1.4099e+009
2.7100e+001 1.6988e+009 1.5488e+009 1.4098e+009
2.7200e+001 1.6986e+009 1.5487e+009 1.4098e+009
2.7300e+001 1.6985e+009 1.5487e+009 1.4097e+009
2.7400e+001 1.6984e+009 1.5486e+009 1.4096e+009
2.7500e+001 1.6983e+009 1.5485e+009 1.4095e+009
2.7600e+001 1.6982e+009 1.5484e+009 1.4095e+009
2.7700e+001 1.6981e+009 1.5483e+009 1.4094e+009
2.7800e+001 1.6980e+009 1.5482e+009 1.4093e+009
2.7900e+001 1.6979e+009 1.5481e+009 1.4093e+009
2.8000e+001 1.6978e+009 1.5481e+009 1.4092e+009
2.8100e+001 1.6977e+009 1.5480e+009 1.4091e+009
2.8200e+001 1.6976e+009 1.5479e+009 1.4091e+009
2.8300e+001 1.6975e+009 1.5478e+009 1.4090e+009
2.8400e+001 1.6974e+009 1.5477e+009 1.4089e+009
2.8500e+001 1.6973e+009 1.5476e+009 1.4089e+009
2.8600e+001 1.6972e+009 1.5476e+009 1.4088e+009
2.8700e+001 1.6971e+009 1.5475e+009 1.4087e+009
2.8800e+001 1.6970e+009 1.5474e+009 1.4087e+009
2.8900e+001 1.6969e+009 1.5473e+009 1.4086e+009
2.9000e+001 1.6968e+009 1.5472e+009 1.4085e+009
2.9100e+001 1.6967e+009 1.5472e+009 1.4085e+009
2.9200e+001 1.6966e+009 1.5471e+009 1.4084e+009
2.9300e+001 1.6965e+009 1.5470e+009 1.4083e+009
2.9400e+001 1.6964e+009 1.5469e+009 1.4083e+009
2.9500e+001 1.6963e+009 1.5469e+009 1.4082e+009
2.9600e+001 1.6962e+009 1.5468e+009 1.4082e+009
2.9700e+001 1.6961e+009 1.5467e+009 1.4081e+009
2.9800e+001 1.6960e+009 1.5466e+009 1.4080e+009
2.9900e+001 1.6959e+009 1.5466e+009 1.4080e+009
3.0000e+001 1.6958e+009 1.5465e+009 1.4079e+009
3.0100e+001 1.6957e+009 1.5464e+009 1.4078e+009
3.0200e+001 1.6956e+009 1.5463e+009 1.4078e+009
3.0300e+001 1.6955e+009 1.5463e+009 1.4077e+009
3.0400e+001 1.6955e+009 1.5462e+009 1.4077e+009
3.0500e+001 1.6954e+009 1.5461e+009 1.4076e+009
3.0600e+001 1.6953e+009 1.5461e+009 1.4076e+009
3.0700e+001 1.6952e+009 1.5460e+009 1.4075e+009
3.0800e+001 1.6951e+009 1.5459e+009 1.4074e+009
3.0900e+001 1.6950e+009 1.5458e+009 1.4074e+009
3.1000e+001 1.6949e+009 1.5458e+009 1.4073e+009
3.1100e+001 1.6948e+009 1.5457e+009 1.4073e+009
3.1200e+001 1.6948e+009 1.5456e+009 1.4072e+009
3.1300e+001 1.6947e+009 1.5456e+009 1.4072e+009
3.1400e+001 1.6946e+009 1.5455e+009 1.4071e+009
3.1500e+001 1.6945e+009 1.5454e+009 1.4070e+009
3.1600e+001 1.6944e+009 1.5454e+009 1.4070e+009
3.1700e+001 1.6943e+009 1.5453e+009 1.4069e+009
3.1800e+001 1.6943e+009 1.5452e+009 1.4069e+009
3.1900e+001 1.6942e+009 1.5452e+009 1.4068e+009
3.2000e+001 1.6941e+009 1.5451e+009 1.4068e+009
3.2100e+001 1.6940e+009 1.5450e+009 1.4067e+009
3.2200e+001 1.6939e+009 1.5450e+009 1.4067e+009
3.2300e+001 1.6939e+009 1.5449e+009 1.4066e+009
3.2400e+001 1.6938e+009 1.5449e+009 1.4066e+009
3.2500e+001 1.6937e+009 1.5448e+009 1.4065e+009
3.2600e+001 1.6936e+009 1.5447e+009 1.4065e+009
3.2700e+001 1.6935e+009 1.5447e+009 1.4064e+009
3.2800e+001 1.6935e+009 1.5446e+009 1.4064e+009
3.2900e+001 1.6934e+009 1.5445e+009 1.4063e+009
3.3000e+001 1.6933e+009 1.5445e+009 1.4063e+009
3.3100e+001 1.6932e+009 1.5444e+009 1.4062e+009
3.3200e+001 1.6932e+009 1.5444e+009 1.4062e+009
3.3300e+001 1.6931e+009 1.5443e+009 1.4061e+009
3.3400e+001 1.6930e+009 1.5442e+009 1.4061e+009
3.3500e+001 1.6929e+009 1.5442e+009 1.4060e+009
3.3600e+001 1.6929e+009 1.5441e+009 1.4060e+009
3.3700e+001 1.6928e+009 1.5441e+009 1.4059e+009
3.3800e+001 1.6927e+009 1.5440e+009 1.4059e+009
3.3900e+001 1.6926e+009 1.5439e+009 1.4058e+009
3.4000e+001 1.6926e+009 1.5439e+009 1.4058e+009
3.4100e+001 1.6925e+009 1.5438e+009 1.4057e+009
3.4200e+001 1.6924e+009 1.5438e+009 1.4057e+009
3.4300e+001 1.6924e+009 1.5437e+009 1.4056e+009
3.4400e+001 1.6923e+009 1.5437e+009 1.4056e+009
3.4500e+001 1.6922e+009 1.5436e+009 1.4055e+009
3.4600e+001 1.6922e+009 1.5436e+009 1.4055e+009
3.4700e+001 1.6921e+009 1.5435e+009 1.4055e+009
3.4800e+001 1.6920e+009 1.5434e+009 1.4054e+009
3.4900e+001 1.6919e+009 1.5434e+009 1.4054e+009
3.5000e+001 1.6919e+009 1.5433e+009 1.4053e+009
3.5100e+001 1.6918e+009 1.5433e+009 1.4053e+009
3.5200e+001 1.6917e+009 1.5432e+009 1.4052e+009
3.5300e+001 1.6917e+009 1.5432e+009 1.4052e+009
3.5400e+001 1.6916e+009 1.5431e+009 1.4051e+009
3.5500e+001 1.6915e+009 1.5431e+009 1.4051e+009
3.5600e+001 1.6915e+009 1.5430e+009 1.4051e+009
3.5700e+001 1.6914e+009 1.5430e+009 1.4050e+009
3.5800e+001 1.6913e+009 1.5429e+009 1.4050e+009
3.5900e+001 1.6913e+009 1.5429e+009 1.4049e+009
3.6000e+001 1.6912e+009 1.5428e+009 1.4049e+009
3.6100e+001 1.6912e+009 1.5428e+009 1.4048e+009
3.6200e+001 1.6911e+009 1.5427e+009 1.4048e+009
3.6300e+001 1.6910e+009 1.5427e+009 1.4048e+009
3.6400e+001 1.6910e+009 1.5426e+009 1.4047e+009
3.6500e+001 1.6909e+009 1.5426e+009 1.4047e+009
3.6600e+001 1.6908e+009 1.5425e+009 1.4046e+009
3.6700e+001 1.6908e+009 1.5425e+009 1.4046e+009
3.6800e+001 1.6907e+009 1.5424e+009 1.4046e+009
3.6900e+001 1.6907e+009 1.5424e+009 1.4045e+009
3.7000e+001 1.6906e+009 1.5423e+009 1.4045e+009
3.7100e+001 1.6905e+009 1.5423e+009 1.4044e+009
3.7200e+001 1.6905e+009 1.5422e+009 1.4044e+009
3.7300e+001 1.6904e+009 1.5422e+009 1.4044e+009
3.7400e+001 1.6904e+009 1.5421e+009 1.4043e+009
3.7500e+001 1.6903e+009 1.5421e+009 1.4043e+009
3.7600e+001 1.6902e+009 1.5420e+009 1.4042e+009
3.7700e+001 1.6902e+009 1.5420e+009 1.4042e+009
3.7800e+001 1.6901e+009 1.5419e+009 1.4042e+009
3.7900e+001 1.6901e+009 1.5419e+009 1.4041e+009
3.8000e+001 1.6900e+009 1.5418e+009 1.4041e+009
3.8100e+001 1.6900e+009 1.5418e+009 1.4041e+009
3.8200e+001 1.6899e+009 1.5417e+009 1.4040e+009
3.8300e+001 1.6898e+009 1.5417e+009 1.4040e+009
3.8400e+001 1.6898e+009 1.5417e+009 1.4039e+009
3.8500e+001 1.6897e+009 1.5416e+009 1.4039e+009
3.8600e+001 1.6897e+009 1.5416e+009 1.4039e+009
3.8700e+001 1.6896e+009 1.5415e+009 1.4038e+009
3.8800e+001 1.6896e+009 1.5415e+009 1.4038e+009
3.8900e+001 1.6895e+009 1.5414e+009 1.4038e+009
3.9000e+001 1.6895e+009 1.5414e+009 1.4037e+009
3.9100e+001 1.6894e+009 1.5413e+009 1.4037e+009
3.9200e+001 1.6893e+009 1.5413e+009 1.4037e+009
3.9300e+001 1.6893e+009 1.5413e+009 1.4036e+009
3.9400e+001 1.6892e+009 1.5412e+009 1.4036e+009
3.9500e+001 1.6892e+009 1.5412e+009 1.4035e+009
3.9600e+001 1.6891e+009 1.5411e+009 1.4035e+009
3.9700e+001 1.6891e+009 1.5411e+009 1.4035e+009
3.9800e+001 1.6890e+009 1.5410e+009 1.4034e+009
3.9900e+001 1.6890e+009 1.5410e+009 1.4034e+009
4.0000e+001 1.6889e+009 1.5410e+009 1.4034e+009
4.0100e+001 1.6889e+009 1.5409e+009 1.4033e+009
4.0200e+001 1.6888e+009 1.5409e+009 1.4033e+009
4.0300e+001 1.6888e+009 1.5408e+009 1.4033e+009
4.0400e+001 1.6887e+009 1.5408e+009 1.4032e+009
4.0500e+001 1.6887e+009 1.5408e+009 1.4032e+009
4.0600e+001 1.6886e+009 1.5407e+009 1.4032e+009
4.0700e+001 1.6886e+009 1.5407e+009 1.4031e+009
4.0800e+001 1.6885e+009 1.5406e+009 1.4031e+009
4.0900e+001 1.6885e+009 1.5406e+009 1.4031e+009
4.1000e+001 1.6884e+009 1.5406e+009 1.4030e+009
4.1100e+001 1.6884e+009 1.5405e+009 1.4030e+009
4.1200e+001 1.6883e+009 1.5405e+009 1.4030e+009
4.1300e+001 1.6883e+009 1.5404e+009 1.4029e+009
4.1400e+001 1.6882e+009 1.5404e+009 1.4029e+009
4.1500e+001 1.6882e+009 1.5404e+009 1.4029e+009
4.1600e+001 1.6881e+009 1.5403e+009 1.4028e+009
4.1700e+001 1.6881e+009 1.5403e+009 1.4028e+009
4.1800e+001 1.6880e+009 1.5402e+009 1.4028e+009
4.1900e+001 1.6880e+009 1.5402e+009 1.4028e+009
4.2000e+001 1.6879e+009 1.5402e+009 1.4027e+009
4.2100e+001 1.6879e+009 1.5401e+009 1.4027e+009
4.2200e+001 1.6878e+009 1.5401e+009 1.4027e+009
4.2300e+001 1.6878e+009 1.5401e+009 1.4026e+009
4.2400e+001 1.6877e+009 1.5400e+009 1.4026e+009
4.2500e+001 1.6877e+009 1.5400e+009 1.4026e+009
4.2600e+001 1.6877e+009 1.5399e+009 1.4025e+009
4.2700e+001 1.6876e+009 1.5399e+009 1.4025e+009
4.2800e+001 1.6876e+009 1.5399e+009 1.4025e+009
4.2900e+001 1.6875e+009 1.5398e+009 1.4024e+009
4.3000e+001 1.6875e+009 1.5398e+009 1.4024e+009
4.3100e+001 1.6874e+009 1.5398e+009 1.4024e+009
4.3200e+001 1.6874e+009 1.5397e+009 1.4024e+009
4.3300e+001 1.6873e+009 1.5397e+009 1.4023e+009
4.3400e+001 1.6873e+009 1.5397e+009 1.4023e+009
4.3500e+001 1.6873e+009 1.5396e+009 1.4023e+009
4.3600e+001 1.6872e+009 1.5396e+009 1.4022e+009
4.3700e+001 1.6872e+009 1.5396e+009 1.4022e+009
4.3800e+001 1.6871e+009 1.5395e+009 1.4022e+009
4.3900e+001 1.6871e+009 1.5395e+009 1.4022e+009
4.4000e+001 1.6870e+009 1.5394e+009 1.4021e+009
4.4100e+001 1.6870e+009 1.5394e+009 1.4021e+009
4.4200e+001 1.6870e+009 1.5394e+009 1.4021e+009
4.4300e+001 1.6869e+009 1.5393e+009 1.4020e+009
4.4400e+001 1.6869e+009 1.5393e+009 1.4020e+009
4.4500e+001 1.6868e+009 1.5393e+009 1.4020e+009
4.4600e+001 1.6868e+009 1.5392e+009 1.4020e+009
4.4700e+001 1.6867e+009 1.5392e+009 1.4019e+009
4.4800e+001 1.6867e+009 1.5392e+009 1.4019e+009
4.4900e+001 1.6867e+009 1.5391e+009 1.4019e+009
4.5000e+001 1.6866e+009 1.5391e+009 1.4019e+009
4.5100e+001 1.6866e+009 1.5391e+009 1.4018e+009
4.5200e+001 1.6865e+009 1.5390e+009 1.4018e+009
4.5300e+001 1.6865e+009 1.5390e+009 1.4018e+009
4.5400e+001 1.6865e+009 1.5390e+009 1.4017e+009
4.5500e+001 1.6864e+009 1.5389e+009 1.4017e+009
4.5600e+001 1.6864e+009 1.5389e+009 1.4017e+009
4.5700e+001 1.6863e+009 1.5389e+009 1.4017e+009
4.5800e+001 1.6863e+009 1.5389e+009 1.4016e+009
4.5900e+001 1.6863e+009 1.5388e+009 1.4016e+009
4.6000e+001 1.6862e+009 1.5388e+009 1.4016e+009
4.6100e+001 1.6862e+009 1.5388e+009 1.4016e+009
4.6200e+001 1.6861e+009 1.5387e+009 1.4015e+009
4.6300e+001 1.6861e+009 1.5387e+009 1.4015e+009
4.6400e+001 1.6861e+009 1.5387e+009 1.4015e+009
4.6500e+001 1.6860e+009 1.5386e+009 1.4015e+009
4.6600e+001 1.6860e+009 1.5386e+009 1.4014e+009
4.6700e+001 1.6859e+009 1.5386e+009 1.4014e+009
4.6800e+001 1.6859e+009 1.5385e+009 1.4014e+009
4.6900e+001 1.6859e+009 1.5385e+009 1.4014e+009
4.7000e+001 1.6858e+009 1.5385e+009 1.4013e+009
4.7100e+001 1.6858e+009 1.5384e+009 1.4013e+009
4.7200e+001 1.6858e+009 1.5384e+009 1.4013e+009
4.7300e+001 1.6857e+009 1.5384e+009 1.4013e+009
4.7400e+001 1.6857e+009 1.5384e+009 1.4012e+009
4.7500e+001 1.6857e+009 1.5383e+009 1.4012e+009
4.7600e+001 1.6856e+009 1.5383e+009 1.4012e+009
4.7700e+001 1.6856e+009 1.5383e+009 1.4012e+009
4.7800e+001 1.6855e+009 1.5382e+009 1.4011e+009
4.7900e+001 1.6855e+009 1.5382e+009 1.4011e+009
4.8000e+001 1.6855e+009 1.5382e+009 1.4011e+009
4.8100e+001 1.6854e+009 1.5382e+009 1.4011e+009
4.8200e+001 1.6854e+009 1.5381e+009 1.4010e+009
4.8300e+001 1.6854e+009 1.5381e+009 1.4010e+009
4.8400e+001 1.6853e+009 1.5381e+009 1.4010e+009
4.8500e+001 1.6853e+009 1.5380e+009 1.4010e+009
4.8600e+001 1.6853e+009 1.5380e+009 1.4010e+009
4.8700e+001 1.6852e+009 1.5380e+009 1.4009e+009
4.8800e+001 1.6852e+009 1.5380e+009 1.4009e+009
4.8900e+001 1.6852e+009 1.5379e+009 1.4009e+009
4.9000e+001 1.6851e+009 1.5379e+009 1.4009e+009
4.9100e+001 1.6851e+009 1.5379e+009 1.4008e+009
4.9200e+001 1.6850e+009 1.5378e+009 1.4008e+009
4.9300e+001 1.6850e+009 1.5378e+009 1.4008e+009
4.9400e+001 1.6850e+009 1.5378e+009 1.4008e+009
4.9500e+001 1.6849e+009 1.5378e+009 1.4007e+009
4.9600e+001 1.6849e+009 1.5377e+009 1.4007e+009
4.9700e+001 1.6849e+009 1.5377e+009 1.4007e+009
4.9800e+001 1.6848e+009 1.5377e+009 1.4007e+009
4.9900e+001 1.6848e+009 1.5377e+009 1.4007e+009
5.0000e+001 1.6848e+009 1.5376e+009 1.4006e+009